1.711223423480987549e-01
8.305438160896301270e-01
8.399506807327270508e-01
8.464562296867370605e-01
8.513107895851135254e-01
8.556017875671386719e-01
8.589591383934020996e-01
8.619390726089477539e-01
8.644514679908752441e-01
8.667218089103698730e-01
8.686414361000061035e-01
8.702880740165710449e-01
8.719341158866882324e-01
8.734115362167358398e-01
8.747589588165283203e-01
8.761060833930969238e-01
8.771873712539672852e-01
8.782079219818115234e-01
8.792480230331420898e-01
8.801625967025756836e-01
8.810705542564392090e-01
8.819394707679748535e-01
8.828158378601074219e-01
8.836066722869873047e-01
8.843594789505004883e-01
8.850632309913635254e-01
8.857322931289672852e-01
8.863642811775207520e-01
8.869814276695251465e-01
8.876199722290039062e-01
8.881793618202209473e-01
8.887471556663513184e-01
8.892660140991210938e-01
8.897107243537902832e-01
8.901961445808410645e-01
8.906243443489074707e-01
8.910679221153259277e-01
8.915501236915588379e-01
8.919482827186584473e-01
8.923763632774353027e-01
8.927896022796630859e-01
8.932260274887084961e-01
8.936753869056701660e-01
8.940459489822387695e-01
8.943924903869628906e-01
8.947325944900512695e-01
8.950547575950622559e-01
8.954025506973266602e-01
8.957026004791259766e-01
8.960393667221069336e-01
8.963432312011718750e-01
8.966334462165832520e-01
8.969692587852478027e-01
8.972555398941040039e-01
8.975310921669006348e-01
8.978198170661926270e-01
8.981014490127563477e-01
8.984211683273315430e-01
8.986984491348266602e-01
8.990088105201721191e-01
8.992558717727661133e-01
8.995021581649780273e-01
8.997446298599243164e-01
9.000257849693298340e-01
9.002717733383178711e-01
9.005053043365478516e-01
9.007391333580017090e-01
9.009685516357421875e-01
9.012441635131835938e-01
9.014660716056823730e-01
9.016730785369873047e-01
9.018985629081726074e-01
9.020946025848388672e-01
9.023022651672363281e-01
9.025228023529052734e-01
9.026955366134643555e-01
9.028718471527099609e-01
9.030592441558837891e-01
9.032508730888366699e-01
9.034484028816223145e-01
9.036474823951721191e-01
9.038835167884826660e-01
9.040729403495788574e-01
9.042489528656005859e-01
9.044452905654907227e-01
9.046247601509094238e-01
9.048008322715759277e-01
9.050105214118957520e-01
9.052047729492187500e-01
9.053792953491210938e-01
9.055675268173217773e-01
9.057739973068237305e-01
9.060178399085998535e-01
9.062275886535644531e-01
9.064171910285949707e-01
9.065924286842346191e-01
9.068167209625244141e-01
9.069818854331970215e-01
9.071630835533142090e-01
9.073408246040344238e-01
9.075138568878173828e-01
9.076949954032897949e-01
9.078796505928039551e-01
9.080566763877868652e-01
9.082156419754028320e-01
9.084067344665527344e-01
9.085667729377746582e-01
9.087237715721130371e-01
9.088838100433349609e-01
9.090646505355834961e-01
9.092084765434265137e-01
9.093546867370605469e-01
9.095360040664672852e-01
9.096943140029907227e-01
9.098179340362548828e-01
9.099392890930175781e-01
9.101252555847167969e-01
9.102962017059326172e-01
9.104717969894409180e-01
9.106331467628479004e-01
9.108067750930786133e-01
9.109569191932678223e-01
9.111422300338745117e-01
9.113281369209289551e-01
9.114809632301330566e-01
9.115817546844482422e-01
9.117555618286132812e-01
9.119014143943786621e-01
9.120621681213378906e-01
9.122570753097534180e-01
9.124189019203186035e-01
9.125810265541076660e-01
9.127178192138671875e-01
9.128732085227966309e-01
9.131057858467102051e-01
9.132651686668395996e-01
9.134160876274108887e-01
9.135844111442565918e-01
9.137337207794189453e-01
9.138729572296142578e-01
9.139935970306396484e-01
9.141407012939453125e-01
9.143278598785400391e-01
9.145262837409973145e-01
9.147096872329711914e-01
9.148591756820678711e-01
9.149941205978393555e-01
9.151469469070434570e-01
9.152923226356506348e-01
9.154327511787414551e-01
9.156022071838378906e-01
9.157567024230957031e-01
9.158834218978881836e-01
9.160326719284057617e-01
9.162117838859558105e-01
9.163680672645568848e-01
9.165184497833251953e-01
9.165999293327331543e-01
9.167309999465942383e-01
9.168417453765869141e-01
9.169670939445495605e-01
9.170948266983032227e-01
9.172202348709106445e-01
9.173055887222290039e-01
9.174561500549316406e-01
9.175401329994201660e-01
9.176213741302490234e-01
9.177238941192626953e-01
9.178650379180908203e-01
9.179838895797729492e-01
9.181119203567504883e-01
9.182021021842956543e-01
9.183322191238403320e-01
9.184442162513732910e-01
9.185481071472167969e-01
9.186343550682067871e-01
9.187223911285400391e-01
9.188100695610046387e-01
9.188848733901977539e-01
9.189314246177673340e-01
9.190483093261718750e-01
9.191721677780151367e-01
9.192609786987304688e-01
9.193458557128906250e-01
9.194852709770202637e-01
9.196055531501770020e-01
9.196517467498779297e-01
9.197609424591064453e-01
9.198876619338989258e-01
9.199851751327514648e-01
9.200724959373474121e-01
9.201761484146118164e-01
9.202569723129272461e-01
9.203801155090332031e-01
9.204546809196472168e-01
9.205411076545715332e-01
9.205822348594665527e-01
9.206847548484802246e-01
9.207350015640258789e-01
9.208171367645263672e-01
9.208728075027465820e-01
9.208975434303283691e-01
9.209643006324768066e-01
9.210128784179687500e-01
9.210736751556396484e-01
9.211375117301940918e-01
9.211888313293457031e-01
9.212680459022521973e-01
9.213024973869323730e-01
9.213799238204956055e-01
9.214318990707397461e-01
9.214532375335693359e-01
9.215224981307983398e-01
9.216175079345703125e-01
9.216111898422241211e-01
9.215978980064392090e-01
9.216353893280029297e-01
9.216552376747131348e-01
9.217215776443481445e-01
9.217501282691955566e-01
9.217582941055297852e-01
9.217673540115356445e-01
9.217765927314758301e-01
9.217702150344848633e-01
9.217162132263183594e-01
9.216933846473693848e-01
9.216074347496032715e-01
9.215353131294250488e-01
9.213759899139404297e-01
9.212417006492614746e-01
9.210374951362609863e-01
9.208148717880249023e-01
9.205747246742248535e-01
9.203500747680664062e-01
9.200540184974670410e-01
9.196405410766601562e-01
9.192536473274230957e-01
9.187668561935424805e-01
9.182846546173095703e-01
9.177433848381042480e-01
9.171504974365234375e-01
9.164978861808776855e-01
9.157910346984863281e-01
9.149805307388305664e-01
9.140401482582092285e-01
9.129654765129089355e-01
9.117063283920288086e-01
9.100819230079650879e-01
9.081668257713317871e-01
9.057831764221191406e-01
9.024549126625061035e-01
8.978475332260131836e-01
8.897798061370849609e-01
8.678076267242431641e-01
5.027483701705932617e-01
