1.381997913122177124e-01 1.000000000000000000e+00
8.014642596244812012e-01 9.694788455963134766e-01
8.124986886978149414e-01 9.681195020675659180e-01
8.202272653579711914e-01 9.670674800872802734e-01
8.260650038719177246e-01 9.661179780960083008e-01
8.312541246414184570e-01 9.652929306030273438e-01
8.353474736213684082e-01 9.646166563034057617e-01
8.389962911605834961e-01 9.639860987663269043e-01
8.420892357826232910e-01 9.634138345718383789e-01
8.448992371559143066e-01 9.629047513008117676e-01
8.473078608512878418e-01 9.623840451240539551e-01
8.493803739547729492e-01 9.619657993316650391e-01
8.514533638954162598e-01 9.615343213081359863e-01
8.533181548118591309e-01 9.611603021621704102e-01
8.550255298614501953e-01 9.607963562011718750e-01
8.567434549331665039e-01 9.604268074035644531e-01
8.581405878067016602e-01 9.600663781166076660e-01
8.594735860824584961e-01 9.596859216690063477e-01
8.608260154724121094e-01 9.593185186386108398e-01
8.620286583900451660e-01 9.589475393295288086e-01
8.632213473320007324e-01 9.585965871810913086e-01
8.643719553947448730e-01 9.582338929176330566e-01
8.655247092247009277e-01 9.579026699066162109e-01
8.665819764137268066e-01 9.575517177581787109e-01
8.675827980041503906e-01 9.572448730468750000e-01
8.685276508331298828e-01 9.569176435470581055e-01
8.694192767143249512e-01 9.566309452056884766e-01
8.702780604362487793e-01 9.563162326812744141e-01
8.711134791374206543e-01 9.560057520866394043e-01
8.719679713249206543e-01 9.557389616966247559e-01
8.727221488952636719e-01 9.554836153984069824e-01
8.735003471374511719e-01 9.551896452903747559e-01
8.742186427116394043e-01 9.548925757408142090e-01
8.748641014099121094e-01 9.545298218727111816e-01
8.755328655242919922e-01 9.542682766914367676e-01
8.761497139930725098e-01 9.539304971694946289e-01
8.767659068107604980e-01 9.536756277084350586e-01
8.774423003196716309e-01 9.533704519271850586e-01
8.780173063278198242e-01 9.530647397041320801e-01
8.786231279373168945e-01 9.527873992919921875e-01
8.792140483856201172e-01 9.524945020675659180e-01
8.798324465751647949e-01 9.522157311439514160e-01
8.804621696472167969e-01 9.519602060317993164e-01
8.809962868690490723e-01 9.516950845718383789e-01
8.815059065818786621e-01 9.514141082763671875e-01
8.820091485977172852e-01 9.511299729347229004e-01
8.824914693832397461e-01 9.508404135704040527e-01
8.830026388168334961e-01 9.505595564842224121e-01
8.834611177444458008e-01 9.502659440040588379e-01
8.839578032493591309e-01 9.500124454498291016e-01
8.844209909439086914e-01 9.497171640396118164e-01
8.848653435707092285e-01 9.494401216506958008e-01
8.853524327278137207e-01 9.492110610008239746e-01
8.857807517051696777e-01 9.489746689796447754e-01
8.862009048461914062e-01 9.487234950065612793e-01
8.866419792175292969e-01 9.484590291976928711e-01
8.870708942413330078e-01 9.482156634330749512e-01
8.875389695167541504e-01 9.479960799217224121e-01
8.879667520523071289e-01 9.477280378341674805e-01
8.884277939796447754e-01 9.474964737892150879e-01
8.888096213340759277e-01 9.472596645355224609e-01
8.891888260841369629e-01 9.470395445823669434e-01
8.895657062530517578e-01 9.468007683753967285e-01
8.899950385093688965e-01 9.465571641921997070e-01
8.903844952583312988e-01 9.462901949882507324e-01
8.907530307769775391e-01 9.460607171058654785e-01
8.911173343658447266e-01 9.458334445953369141e-01
8.914664983749389648e-01 9.456431269645690918e-01
8.918890357017517090e-01 9.454013109207153320e-01
8.922350406646728516e-01 9.451989531517028809e-01
8.925667405128479004e-01 9.449772238731384277e-01
8.929172158241271973e-01 9.447631239891052246e-01
8.932408690452575684e-01 9.445278644561767578e-01
8.935672640800476074e-01 9.443368911743164062e-01
8.939239978790283203e-01 9.440966248512268066e-01
8.942070603370666504e-01 9.438865780830383301e-01
8.945038914680480957e-01 9.436622858047485352e-01
8.947955965995788574e-01 9.434825181961059570e-01
8.951002359390258789e-01 9.432804584503173828e-01
8.954142928123474121e-01 9.430783987045288086e-01
8.957327008247375488e-01 9.428691267967224121e-01
8.960884809494018555e-01 9.426896572113037109e-01
8.963892459869384766e-01 9.424902796745300293e-01
8.966758251190185547e-01 9.422925710678100586e-01
8.969933986663818359e-01 9.420903921127319336e-01
8.972887992858886719e-01 9.418787956237792969e-01
8.975749015808105469e-01 9.416961073875427246e-01
8.978961110115051270e-01 9.415287971496582031e-01
8.982056379318237305e-01 9.413415789604187012e-01
8.984941840171813965e-01 9.411475062370300293e-01
8.987952470779418945e-01 9.409595727920532227e-01
8.991165161132812500e-01 9.407837986946105957e-01
8.994806408882141113e-01 9.406269192695617676e-01
8.998130559921264648e-01 9.404329657554626465e-01
9.001149535179138184e-01 9.402562379837036133e-01
9.004102945327758789e-01 9.400405883789062500e-01
9.007475972175598145e-01 9.398764967918395996e-01
9.010232686996459961e-01 9.396851062774658203e-01
9.013179540634155273e-01 9.394925832748413086e-01
9.016135334968566895e-01 9.392912983894348145e-01
9.019098877906799316e-01 9.390713572502136230e-01
9.022088050842285156e-01 9.388847947120666504e-01
9.025117754936218262e-01 9.386897087097167969e-01
9.028012156486511230e-01 9.385098814964294434e-01
9.030627012252807617e-01 9.383438229560852051e-01
9.033792614936828613e-01 9.381417632102966309e-01
9.036554098129272461e-01 9.379302859306335449e-01
9.039280414581298828e-01 9.377170205116271973e-01
9.042009115219116211e-01 9.375128149986267090e-01
9.045097827911376953e-01 9.372870922088623047e-01
9.047640562057495117e-01 9.370873570442199707e-01
9.050177931785583496e-01 9.369000196456909180e-01
9.053266048431396484e-01 9.366858005523681641e-01
9.055972099304199219e-01 9.364943504333496094e-01
9.058315753936767578e-01 9.362754821777343750e-01
9.060703516006469727e-01 9.360424280166625977e-01
9.063777327537536621e-01 9.358492493629455566e-01
9.066696763038635254e-01 9.356408715248107910e-01
9.069695472717285156e-01 9.354374408721923828e-01
9.072457551956176758e-01 9.352483153343200684e-01
9.075458049774169922e-01 9.350327253341674805e-01
9.078123569488525391e-01 9.348179697990417480e-01
9.081240296363830566e-01 9.345962405204772949e-01
9.084256887435913086e-01 9.344180822372436523e-01
9.086880087852478027e-01 9.342314004898071289e-01
9.089093208312988281e-01 9.339762926101684570e-01
9.092060327529907227e-01 9.337790608406066895e-01
9.094713330268859863e-01 9.335634708404541016e-01
9.097564816474914551e-01 9.333541393280029297e-01
9.100769758224487305e-01 9.331552982330322266e-01
9.103653430938720703e-01 9.329295754432678223e-01
9.106421470642089844e-01 9.327334761619567871e-01
9.109103083610534668e-01 9.324757456779479980e-01
9.111763238906860352e-01 9.322764873504638672e-01
9.115473628044128418e-01 9.320802092552185059e-01
9.118385910987854004e-01 9.318553805351257324e-01
9.121256470680236816e-01 9.316060543060302734e-01
9.124233722686767578e-01 9.313974976539611816e-01
9.126913547515869141e-01 9.311847090721130371e-01
9.129512310028076172e-01 9.309756755828857422e-01
9.131931066513061523e-01 9.307517409324645996e-01
9.134603738784790039e-01 9.305361509323120117e-01
9.137815237045288086e-01 9.303169846534729004e-01
9.141391515731811523e-01 9.300345182418823242e-01
9.144571423530578613e-01 9.298139810562133789e-01
9.147338271141052246e-01 9.295933246612548828e-01
9.149998426437377930e-01 9.293507337570190430e-01
9.152850508689880371e-01 9.291214942932128906e-01
9.155597090721130371e-01 9.288806319236755371e-01
9.158253669738769531e-01 9.286682605743408203e-01
9.161396622657775879e-01 9.284263849258422852e-01
9.164212942123413086e-01 9.282130002975463867e-01
9.166963100433349609e-01 9.279212355613708496e-01
9.169878363609313965e-01 9.276759028434753418e-01
9.173183441162109375e-01 9.274059534072875977e-01
9.176142811775207520e-01 9.271665811538696289e-01
9.179010987281799316e-01 9.269211888313293457e-01
9.180986881256103516e-01 9.266864657402038574e-01
9.183650016784667969e-01 9.264404177665710449e-01
9.186233878135681152e-01 9.261514544486999512e-01
9.188854098320007324e-01 9.259148836135864258e-01
9.191408157348632812e-01 9.256721735000610352e-01
9.194051623344421387e-01 9.254203438758850098e-01
9.196357727050781250e-01 9.251168966293334961e-01
9.199354052543640137e-01 9.248393177986145020e-01
9.201592803001403809e-01 9.245565533638000488e-01
9.203782081604003906e-01 9.242610931396484375e-01
9.206297993659973145e-01 9.239616990089416504e-01
9.209227561950683594e-01 9.236894249916076660e-01
9.211785793304443359e-01 9.234285950660705566e-01
9.214730262756347656e-01 9.230952858924865723e-01
9.217255711555480957e-01 9.227636456489562988e-01
9.220234155654907227e-01 9.224408864974975586e-01
9.222987294197082520e-01 9.221290349960327148e-01
9.225703477859497070e-01 9.217932224273681641e-01
9.228170514106750488e-01 9.214414358139038086e-01
9.230650067329406738e-01 9.210929274559020996e-01
9.233207702636718750e-01 9.207435250282287598e-01
9.235613346099853516e-01 9.203982353210449219e-01
9.237581491470336914e-01 9.200440049171447754e-01
9.240460991859436035e-01 9.196932315826416016e-01
9.243533015251159668e-01 9.193285703659057617e-01
9.246017932891845703e-01 9.189895987510681152e-01
9.248486161231994629e-01 9.186537265777587891e-01
9.251585006713867188e-01 9.183287024497985840e-01
9.254599213600158691e-01 9.179601669311523438e-01
9.256755709648132324e-01 9.175552129745483398e-01
9.259659647941589355e-01 9.171695113182067871e-01
9.262661933898925781e-01 9.168415665626525879e-01
9.265612959861755371e-01 9.164183139801025391e-01
9.268154501914978027e-01 9.160550832748413086e-01
9.271000027656555176e-01 9.156759977340698242e-01
9.273668527603149414e-01 9.152651429176330566e-01
9.276862144470214844e-01 9.148591756820678711e-01
9.279547929763793945e-01 9.144399166107177734e-01
9.282400012016296387e-01 9.140064120292663574e-01
9.284778237342834473e-01 9.135501980781555176e-01
9.287718534469604492e-01 9.131380915641784668e-01
9.290173053741455078e-01 9.126939773559570312e-01
9.293084144592285156e-01 9.122399091720581055e-01
9.295694231986999512e-01 9.117817282676696777e-01
9.298199415206909180e-01 9.112494587898254395e-01
9.300948977470397949e-01 9.107757210731506348e-01
9.303745627403259277e-01 9.102299809455871582e-01
9.306567907333374023e-01 9.097197651863098145e-01
9.309630393981933594e-01 9.091890454292297363e-01
9.312621355056762695e-01 9.086377620697021484e-01
9.316022396087646484e-01 9.080616831779479980e-01
9.318721890449523926e-01 9.075155258178710938e-01
9.322088956832885742e-01 9.069563150405883789e-01
9.325137138366699219e-01 9.063819050788879395e-01
9.328005313873291016e-01 9.057438373565673828e-01
9.331447482109069824e-01 9.051523208618164062e-01
9.335194826126098633e-01 9.045339822769165039e-01
9.337761998176574707e-01 9.038972854614257812e-01
9.340641498565673828e-01 9.031555056571960449e-01
9.344243407249450684e-01 9.024419784545898438e-01
9.347685575485229492e-01 9.016984105110168457e-01
9.351706504821777344e-01 9.009574055671691895e-01
9.355463981628417969e-01 9.002012014389038086e-01
9.359289407730102539e-01 8.993645310401916504e-01
9.363143444061279297e-01 8.985567092895507812e-01
9.367432594299316406e-01 8.976686596870422363e-01
9.372032284736633301e-01 8.966736793518066406e-01
9.375914335250854492e-01 8.956582546234130859e-01
9.380635619163513184e-01 8.945714235305786133e-01
9.384402036666870117e-01 8.935446739196777344e-01
9.388818740844726562e-01 8.924568295478820801e-01
9.392521381378173828e-01 8.912146091461181641e-01
9.396920204162597656e-01 8.899402618408203125e-01
9.400984644889831543e-01 8.885262012481689453e-01
9.405233263969421387e-01 8.869730830192565918e-01
9.409169554710388184e-01 8.854764103889465332e-01
9.413407444953918457e-01 8.839414715766906738e-01
9.417853951454162598e-01 8.822290897369384766e-01
9.421322345733642578e-01 8.803184032440185547e-01
9.425687193870544434e-01 8.783645629882812500e-01
9.429951310157775879e-01 8.761352300643920898e-01
9.433927536010742188e-01 8.739398121833801270e-01
9.438330531120300293e-01 8.714886307716369629e-01
9.443024992942810059e-01 8.688601255416870117e-01
9.448036551475524902e-01 8.659279346466064453e-01
9.453583955764770508e-01 8.628354668617248535e-01
9.459155797958374023e-01 8.595682382583618164e-01
9.465005397796630859e-01 8.559783101081848145e-01
9.472574591636657715e-01 8.518221378326416016e-01
9.478935599327087402e-01 8.472611904144287109e-01
9.485289454460144043e-01 8.419126272201538086e-01
9.492253065109252930e-01 8.357024192810058594e-01
9.500831961631774902e-01 8.283779621124267578e-01
9.508914351463317871e-01 8.193325996398925781e-01
9.520127773284912109e-01 8.072868585586547852e-01
9.532275795936584473e-01 7.892708778381347656e-01
9.540393948554992676e-01 7.503708600997924805e-01
6.537628769874572754e-01 4.780780673027038574e-01
