1.711223423480987549e-01
8.323011398315429688e-01
8.411287069320678711e-01
8.480333089828491211e-01
8.536098003387451172e-01
8.582241535186767578e-01
8.620372414588928223e-01
8.654404282569885254e-01
8.687096834182739258e-01
8.716825842857360840e-01
8.743861913681030273e-01
8.767353296279907227e-01
8.788970112800598145e-01
8.807841539382934570e-01
8.825695514678955078e-01
8.841814994812011719e-01
8.856633901596069336e-01
8.871238231658935547e-01
8.885026574134826660e-01
8.897564411163330078e-01
8.910321593284606934e-01
8.922223448753356934e-01
8.932565450668334961e-01
8.942561745643615723e-01
8.951680064201354980e-01
8.961360454559326172e-01
8.970575332641601562e-01
8.979771733283996582e-01
8.989052176475524902e-01
8.997604846954345703e-01
9.005178809165954590e-01
9.012489318847656250e-01
9.019975066184997559e-01
9.027347564697265625e-01
9.034578800201416016e-01
9.041465520858764648e-01
9.048278331756591797e-01
9.055254459381103516e-01
9.062017202377319336e-01
9.068779945373535156e-01
9.074815511703491211e-01
9.080472588539123535e-01
9.085714817047119141e-01
9.090737104415893555e-01
9.096673130989074707e-01
9.101160168647766113e-01
9.105839133262634277e-01
9.110653400421142578e-01
9.115861654281616211e-01
9.121350646018981934e-01
9.125950932502746582e-01
9.129999279975891113e-01
9.134390354156494141e-01
9.138299822807312012e-01
9.142518043518066406e-01
9.146988391876220703e-01
9.150941967964172363e-01
9.154851436614990234e-01
9.159125685691833496e-01
9.162871837615966797e-01
9.166700243949890137e-01
9.169717431068420410e-01
9.172540307044982910e-01
9.175854921340942383e-01
9.179254174232482910e-01
9.182063937187194824e-01
9.185693860054016113e-01
9.188713431358337402e-01
9.191794395446777344e-01
9.195083975791931152e-01
9.197850823402404785e-01
9.200839996337890625e-01
9.203516840934753418e-01
9.206269979476928711e-01
9.209151864051818848e-01
9.211131930351257324e-01
9.213219285011291504e-01
9.215033054351806641e-01
9.217053651809692383e-01
9.218770265579223633e-01
9.221110939979553223e-01
9.222854971885681152e-01
9.224780797958374023e-01
9.226702451705932617e-01
9.228061437606811523e-01
9.229694008827209473e-01
9.231100678443908691e-01
9.232625365257263184e-01
9.234413504600524902e-01
9.236285686492919922e-01
9.237806797027587891e-01
9.239121675491333008e-01
9.241108298301696777e-01
9.243160486221313477e-01
9.245145320892333984e-01
9.247549772262573242e-01
9.249290227890014648e-01
9.250952601432800293e-01
9.252464771270751953e-01
9.254329800605773926e-01
9.256074428558349609e-01
9.257056713104248047e-01
9.258635044097900391e-01
9.259991645812988281e-01
9.261093735694885254e-01
9.262406826019287109e-01
9.263921976089477539e-01
9.265190362930297852e-01
9.266691803932189941e-01
9.268261194229125977e-01
9.269313812255859375e-01
9.270396828651428223e-01
9.271869659423828125e-01
9.273287653923034668e-01
9.274505376815795898e-01
9.275838136672973633e-01
9.276891350746154785e-01
9.278135895729064941e-01
9.278866052627563477e-01
9.279751777648925781e-01
9.280661940574645996e-01
9.281843304634094238e-01
9.283052682876586914e-01
9.283846616744995117e-01
9.284875988960266113e-01
9.286040663719177246e-01
9.286957383155822754e-01
9.287738204002380371e-01
9.288609027862548828e-01
9.289393424987792969e-01
9.290030598640441895e-01
9.290748238563537598e-01
9.291723966598510742e-01
9.292231202125549316e-01
9.292662143707275391e-01
9.293739795684814453e-01
9.294533133506774902e-01
9.295079708099365234e-01
9.295521378517150879e-01
9.295890927314758301e-01
9.296116828918457031e-01
9.296613931655883789e-01
9.297188520431518555e-01
9.297974109649658203e-01
9.298204183578491211e-01
9.298593401908874512e-01
9.298817515373229980e-01
9.298977851867675781e-01
9.299454689025878906e-01
9.299862980842590332e-01
9.300354123115539551e-01
9.300908446311950684e-01
9.301308989524841309e-01
9.301739335060119629e-01
9.302189350128173828e-01
9.302663207054138184e-01
9.302567839622497559e-01
9.303015470504760742e-01
9.303349256515502930e-01
9.303815364837646484e-01
9.303983449935913086e-01
9.304280281066894531e-01
9.304535984992980957e-01
9.305034875869750977e-01
9.304846525192260742e-01
9.305443763732910156e-01
9.305745363235473633e-01
9.306787252426147461e-01
9.307482242584228516e-01
9.308112263679504395e-01
9.308876991271972656e-01
9.309011101722717285e-01
9.309144020080566406e-01
9.309728741645812988e-01
9.310313463211059570e-01
9.310771822929382324e-01
9.311462044715881348e-01
9.311541318893432617e-01
9.311720728874206543e-01
9.311953186988830566e-01
9.312124252319335938e-01
9.312407374382019043e-01
9.312646389007568359e-01
9.313017725944519043e-01
9.313428997993469238e-01
9.313409924507141113e-01
9.313992261886596680e-01
9.314043521881103516e-01
9.313926100730895996e-01
9.313990473747253418e-01
9.314393997192382812e-01
9.314098954200744629e-01
9.314132928848266602e-01
9.314291477203369141e-01
9.314026236534118652e-01
9.314262270927429199e-01
9.314476251602172852e-01
9.314188957214355469e-01
9.314205050468444824e-01
9.313766360282897949e-01
9.313267469406127930e-01
9.312996864318847656e-01
9.312523603439331055e-01
9.312365055084228516e-01
9.312008619308471680e-01
9.312240481376647949e-01
9.312264323234558105e-01
9.312464594841003418e-01
9.311650991439819336e-01
9.310941696166992188e-01
9.309606552124023438e-01
9.308813214302062988e-01
9.307810664176940918e-01
9.306713342666625977e-01
9.306024312973022461e-01
9.304713606834411621e-01
9.303656220436096191e-01
9.302337169647216797e-01
9.301073551177978516e-01
9.299736618995666504e-01
9.297883510589599609e-01
9.294824004173278809e-01
9.292062520980834961e-01
9.289692640304565430e-01
9.286532402038574219e-01
9.282938838005065918e-01
9.278600811958312988e-01
9.273961782455444336e-01
9.269794821739196777e-01
9.264709949493408203e-01
9.259142279624938965e-01
9.253129363059997559e-01
9.246501922607421875e-01
9.239593148231506348e-01
9.231697916984558105e-01
9.224196672439575195e-01
9.216105937957763672e-01
9.206632971763610840e-01
9.197124838829040527e-01
9.186344742774963379e-01
9.175798892974853516e-01
9.161667227745056152e-01
9.146070480346679688e-01
9.127730727195739746e-01
9.107112288475036621e-01
9.085981249809265137e-01
9.060137271881103516e-01
9.028351902961730957e-01
8.989502787590026855e-01
8.944156765937805176e-01
8.885120749473571777e-01
8.812347054481506348e-01
8.703761100769042969e-01
8.478244543075561523e-01
4.684032201766967773e-01
