1.381997913122177124e-01 1.000000000000000000e+00
8.040563464164733887e-01 9.777240753173828125e-01
8.141857981681823730e-01 9.765459895133972168e-01
8.221076726913452148e-01 9.757469296455383301e-01
8.285435438156127930e-01 9.749920964241027832e-01
8.339094519615173340e-01 9.742867946624755859e-01
8.383440375328063965e-01 9.737560749053955078e-01
8.423237800598144531e-01 9.732296466827392578e-01
8.461605310440063477e-01 9.726842045783996582e-01
8.496743440628051758e-01 9.721422195434570312e-01
8.529226779937744141e-01 9.714775681495666504e-01
8.557804822921752930e-01 9.707853198051452637e-01
8.584153056144714355e-01 9.701930284500122070e-01
8.607627153396606445e-01 9.695086479187011719e-01
8.629812002182006836e-01 9.689019918441772461e-01
8.649801015853881836e-01 9.683707952499389648e-01
8.668497204780578613e-01 9.677805900573730469e-01
8.686713576316833496e-01 9.672850966453552246e-01
8.704116940498352051e-01 9.667606353759765625e-01
8.720015883445739746e-01 9.662647247314453125e-01
8.736151456832885742e-01 9.657748341560363770e-01
8.751288652420043945e-01 9.653071761131286621e-01
8.764623403549194336e-01 9.648568034172058105e-01
8.777508735656738281e-01 9.644123315811157227e-01
8.789358735084533691e-01 9.639940857887268066e-01
8.801974654197692871e-01 9.635303020477294922e-01
8.814077973365783691e-01 9.630785584449768066e-01
8.825998902320861816e-01 9.626798033714294434e-01
8.838188648223876953e-01 9.622038006782531738e-01
8.849487304687500000e-01 9.617671966552734375e-01
8.859652876853942871e-01 9.613208770751953125e-01
8.869589567184448242e-01 9.608327150344848633e-01
8.879667520523071289e-01 9.603983759880065918e-01
8.889720439910888672e-01 9.599155187606811523e-01
8.899554014205932617e-01 9.594742655754089355e-01
8.909059166908264160e-01 9.589731693267822266e-01
8.918423652648925781e-01 9.585143923759460449e-01
8.927901983261108398e-01 9.580991268157958984e-01
8.937427997589111328e-01 9.575657844543457031e-01
8.946747779846191406e-01 9.571231007575988770e-01
8.955153822898864746e-01 9.567075371742248535e-01
8.963056206703186035e-01 9.563120007514953613e-01
8.970522880554199219e-01 9.558903574943542480e-01
8.977777957916259766e-01 9.554539322853088379e-01
8.986046910285949707e-01 9.550639986991882324e-01
8.992601037025451660e-01 9.546552896499633789e-01
8.999369740486145020e-01 9.542586207389831543e-01
9.006385207176208496e-01 9.538233876228332520e-01
9.013834595680236816e-01 9.534283876419067383e-01
9.021629691123962402e-01 9.530355334281921387e-01
9.028303623199462891e-01 9.526610970497131348e-01
9.034287333488464355e-01 9.522856473922729492e-01
9.040811061859130859e-01 9.518817663192749023e-01
9.046680331230163574e-01 9.515002965927124023e-01
9.052832126617431641e-01 9.511505365371704102e-01
9.059420824050903320e-01 9.507514238357543945e-01
9.065405130386352539e-01 9.503445625305175781e-01
9.071359634399414062e-01 9.499126672744750977e-01
9.077585935592651367e-01 9.495751857757568359e-01
9.083321690559387207e-01 9.491853117942810059e-01
9.089068174362182617e-01 9.488290548324584961e-01
9.094016551971435547e-01 9.483963251113891602e-01
9.098725914955139160e-01 9.479627013206481934e-01
9.103857874870300293e-01 9.475950002670288086e-01
9.109012484550476074e-01 9.472668170928955078e-01
9.113643765449523926e-01 9.468580484390258789e-01
9.119240045547485352e-01 9.464798569679260254e-01
9.124050736427307129e-01 9.461133480072021484e-01
9.129021167755126953e-01 9.457156658172607422e-01
9.134130477905273438e-01 9.453600645065307617e-01
9.138588309288024902e-01 9.450157284736633301e-01
9.143473505973815918e-01 9.446087479591369629e-01
9.147886037826538086e-01 9.442350864410400391e-01
9.152418971061706543e-01 9.438571929931640625e-01
9.157139062881469727e-01 9.434744119644165039e-01
9.160726666450500488e-01 9.430876374244689941e-01
9.164540767669677734e-01 9.426679611206054688e-01
9.168024063110351562e-01 9.422378540039062500e-01
9.171577095985412598e-01 9.418877363204956055e-01
9.174856543540954590e-01 9.414991140365600586e-01
9.178951382637023926e-01 9.411101937294006348e-01
9.182224869728088379e-01 9.407414197921752930e-01
9.185862541198730469e-01 9.403308033943176270e-01
9.189315438270568848e-01 9.399810433387756348e-01
9.192204475402832031e-01 9.395875930786132812e-01
9.195421338081359863e-01 9.392027854919433594e-01
9.198760390281677246e-01 9.386689066886901855e-01
9.201912879943847656e-01 9.382598400115966797e-01
9.205198287963867188e-01 9.379281401634216309e-01
9.208766818046569824e-01 9.375351667404174805e-01
9.211890697479248047e-01 9.371449351310729980e-01
9.214813113212585449e-01 9.367319345474243164e-01
9.218448996543884277e-01 9.363794922828674316e-01
9.222238659858703613e-01 9.360015392303466797e-01
9.225961565971374512e-01 9.356198906898498535e-01
9.230129718780517578e-01 9.352703690528869629e-01
9.233557581901550293e-01 9.348875284194946289e-01
9.236794710159301758e-01 9.345340132713317871e-01
9.240066409111022949e-01 9.341146945953369141e-01
9.243606925010681152e-01 9.337559938430786133e-01
9.247069954872131348e-01 9.333727359771728516e-01
9.249539375305175781e-01 9.329904913902282715e-01
9.252890348434448242e-01 9.325870275497436523e-01
9.255862236022949219e-01 9.322103857994079590e-01
9.258568286895751953e-01 9.318079352378845215e-01
9.261367917060852051e-01 9.314718842506408691e-01
9.264520406723022461e-01 9.311040639877319336e-01
9.267311096191406250e-01 9.307488799095153809e-01
9.270476698875427246e-01 9.303768277168273926e-01
9.273776412010192871e-01 9.299919009208679199e-01
9.276341199874877930e-01 9.296184778213500977e-01
9.278997182846069336e-01 9.292377829551696777e-01
9.282189011573791504e-01 9.288610816001892090e-01
9.285398125648498535e-01 9.284473657608032227e-01
9.288094043731689453e-01 9.281185269355773926e-01
9.291054606437683105e-01 9.277606606483459473e-01
9.293751716613769531e-01 9.273651838302612305e-01
9.296631813049316406e-01 9.269906878471374512e-01
9.298967719078063965e-01 9.265780448913574219e-01
9.301413893699645996e-01 9.261857271194458008e-01
9.303942918777465820e-01 9.257932305335998535e-01
9.306825399398803711e-01 9.253965020179748535e-01
9.309819936752319336e-01 9.249920248985290527e-01
9.312212467193603516e-01 9.245966076850891113e-01
9.314856529235839844e-01 9.242127537727355957e-01
9.317659735679626465e-01 9.238387346267700195e-01
9.320246577262878418e-01 9.234397411346435547e-01
9.322715401649475098e-01 9.230195879936218262e-01
9.325213432312011719e-01 9.226279258728027344e-01
9.327682852745056152e-01 9.222189784049987793e-01
9.329876303672790527e-01 9.218277335166931152e-01
9.332337379455566406e-01 9.213869571685791016e-01
9.335093498229980469e-01 9.209676384925842285e-01
9.337319135665893555e-01 9.205299019813537598e-01
9.339444637298583984e-01 9.200875163078308105e-01
9.342322349548339844e-01 9.196697473526000977e-01
9.344917535781860352e-01 9.192402362823486328e-01
9.347115159034729004e-01 9.188289046287536621e-01
9.349251985549926758e-01 9.183949828147888184e-01
9.351499676704406738e-01 9.179096817970275879e-01
9.353776574134826660e-01 9.173523783683776855e-01
9.356018304824829102e-01 9.169228672981262207e-01
9.358488321304321289e-01 9.164558053016662598e-01
9.361041784286499023e-01 9.160489439964294434e-01
9.363074898719787598e-01 9.155933856964111328e-01
9.365364313125610352e-01 9.151218533515930176e-01
9.367429614067077637e-01 9.146555662155151367e-01
9.369417428970336914e-01 9.141860604286193848e-01
9.371662735939025879e-01 9.137635231018066406e-01
9.373657703399658203e-01 9.133899211883544922e-01
9.375884532928466797e-01 9.129806160926818848e-01
9.378269314765930176e-01 9.125542044639587402e-01
9.380484223365783691e-01 9.121208190917968750e-01
9.382709264755249023e-01 9.116967916488647461e-01
9.384905099868774414e-01 9.112734794616699219e-01
9.386971592903137207e-01 9.108899235725402832e-01
9.388687610626220703e-01 9.104077219963073730e-01
9.390935301780700684e-01 9.099891781806945801e-01
9.392933845520019531e-01 9.095982313156127930e-01
9.395157098770141602e-01 9.091991186141967773e-01
9.396894574165344238e-01 9.088168740272521973e-01
9.398748874664306641e-01 9.084583520889282227e-01
9.400801062583923340e-01 9.080242514610290527e-01
9.403120279312133789e-01 9.076045751571655273e-01
9.404680132865905762e-01 9.071446061134338379e-01
9.407124519348144531e-01 9.067466855049133301e-01
9.409424066543579102e-01 9.062646627426147461e-01
9.412574172019958496e-01 9.058367609977722168e-01
9.415277838706970215e-01 9.054182171821594238e-01
9.417921304702758789e-01 9.049735069274902344e-01
9.420669078826904297e-01 9.045578837394714355e-01
9.422653913497924805e-01 9.041245579719543457e-01
9.424721002578735352e-01 9.036625623703002930e-01
9.427134990692138672e-01 9.032662510871887207e-01
9.429990053176879883e-01 9.027675390243530273e-01
9.432598948478698730e-01 9.022924900054931641e-01
9.435509443283081055e-01 9.018206596374511719e-01
9.437808394432067871e-01 9.012975096702575684e-01
9.440257549285888672e-01 9.007933735847473145e-01
9.442662596702575684e-01 9.003045558929443359e-01
9.444981813430786133e-01 8.998137712478637695e-01
9.447323679924011230e-01 8.993479013442993164e-01
9.449851512908935547e-01 8.988236188888549805e-01
9.452329874038696289e-01 8.983680605888366699e-01
9.455060958862304688e-01 8.978775143623352051e-01
9.457418322563171387e-01 8.973259925842285156e-01
9.460301399230957031e-01 8.968526124954223633e-01
9.462766647338867188e-01 8.962963819503784180e-01
9.465177059173583984e-01 8.957074284553527832e-01
9.467814564704895020e-01 8.951135873794555664e-01
9.470781683921813965e-01 8.945773243904113770e-01
9.472821950912475586e-01 8.940125107765197754e-01
9.475488066673278809e-01 8.934122323989868164e-01
9.478325247764587402e-01 8.928257226943969727e-01
9.480639100074768066e-01 8.922415971755981445e-01
9.483417272567749023e-01 8.916899561882019043e-01
9.486289620399475098e-01 8.911132216453552246e-01
9.488877058029174805e-01 8.904278278350830078e-01
9.491630196571350098e-01 8.898348808288574219e-01
9.493638277053833008e-01 8.892589807510375977e-01
9.496139883995056152e-01 8.885730504989624023e-01
9.498766064643859863e-01 8.879234194755554199e-01
9.501227736473083496e-01 8.872413635253906250e-01
9.504076838493347168e-01 8.865921497344970703e-01
9.506905078887939453e-01 8.858993053436279297e-01
9.510121941566467285e-01 8.852893710136413574e-01
9.513738155364990234e-01 8.845488429069519043e-01
9.517580866813659668e-01 8.838011622428894043e-01
9.520297050476074219e-01 8.829916119575500488e-01
9.523351788520812988e-01 8.821598291397094727e-01
9.525657296180725098e-01 8.812948465347290039e-01
9.528657197952270508e-01 8.804349899291992188e-01
9.531630277633666992e-01 8.795517683029174805e-01
9.534170627593994141e-01 8.787606954574584961e-01
9.537606835365295410e-01 8.778731226921081543e-01
9.540921449661254883e-01 8.768623471260070801e-01
9.544145464897155762e-01 8.759472966194152832e-01
9.547120332717895508e-01 8.750063776969909668e-01
9.550629258155822754e-01 8.739880919456481934e-01
9.554185867309570312e-01 8.729472160339355469e-01
9.557129144668579102e-01 8.719108104705810547e-01
9.559280872344970703e-01 8.706872463226318359e-01
9.561652541160583496e-01 8.695213794708251953e-01
9.564822316169738770e-01 8.683217167854309082e-01
9.567435979843139648e-01 8.670340180397033691e-01
9.570317864418029785e-01 8.656083941459655762e-01
9.573105573654174805e-01 8.640248179435729980e-01
9.575815200805664062e-01 8.623668551445007324e-01
9.578847885131835938e-01 8.607800006866455078e-01
9.581500291824340820e-01 8.591116070747375488e-01
9.584236741065979004e-01 8.573283553123474121e-01
9.587003588676452637e-01 8.554594516754150391e-01
9.589456319808959961e-01 8.535025715827941895e-01
9.592157006263732910e-01 8.514959812164306641e-01
9.594883918762207031e-01 8.492762446403503418e-01
9.597803354263305664e-01 8.471186161041259766e-01
9.601164460182189941e-01 8.447725176811218262e-01
9.604580402374267578e-01 8.421726226806640625e-01
9.608606100082397461e-01 8.395245075225830078e-01
9.612645506858825684e-01 8.366226553916931152e-01
9.618220329284667969e-01 8.336268663406372070e-01
9.621930718421936035e-01 8.300961852073669434e-01
9.625992178916931152e-01 8.262749314308166504e-01
9.630001187324523926e-01 8.220419287681579590e-01
9.635238647460937500e-01 8.173042535781860352e-01
9.641507863998413086e-01 8.125057816505432129e-01
9.646525979042053223e-01 8.071407079696655273e-01
9.651129841804504395e-01 8.008944988250732422e-01
9.655362367630004883e-01 7.936936020851135254e-01
9.662005305290222168e-01 7.853758931159973145e-01
9.671031236648559570e-01 7.749572396278381348e-01
9.676601886749267578e-01 7.629123926162719727e-01
9.682719111442565918e-01 7.455057501792907715e-01
9.687303900718688965e-01 7.140637040138244629e-01
4.697561562061309814e-01 4.675230979919433594e-01
