2.360624521970748901e-01
8.556899428367614746e-01
8.629333376884460449e-01
8.678450584411621094e-01
8.715848922729492188e-01
8.744146227836608887e-01
8.764726519584655762e-01
8.780729174613952637e-01
8.794140219688415527e-01
8.805140256881713867e-01
8.814438581466674805e-01
8.821622729301452637e-01
8.828806877136230469e-01
8.835420012474060059e-01
8.841085433959960938e-01
8.845914602279663086e-01
8.850669860839843750e-01
8.855188488960266113e-01
8.859115839004516602e-01
8.862996101379394531e-01
8.866609334945678711e-01
8.870076537132263184e-01
8.873295783996582031e-01
8.876347541809082031e-01
8.879215717315673828e-01
8.882050514221191406e-01
8.884775638580322266e-01
8.887059688568115234e-01
8.889421820640563965e-01
8.891397118568420410e-01
8.893108963966369629e-01
8.895202875137329102e-01
8.897191882133483887e-01
8.899123668670654297e-01
8.901009559631347656e-01
8.902735710144042969e-01
8.904384374618530273e-01
8.905758261680603027e-01
8.907028436660766602e-01
8.908349275588989258e-01
8.909818530082702637e-01
8.911159634590148926e-01
8.912510871887207031e-01
8.913509845733642578e-01
8.914656639099121094e-01
8.915508985519409180e-01
8.916603326797485352e-01
8.917587399482727051e-01
8.918420672416687012e-01
8.919177651405334473e-01
8.919952511787414551e-01
8.920708894729614258e-01
8.921194672584533691e-01
8.921952247619628906e-01
8.922558426856994629e-01
8.923121690750122070e-01
8.923749923706054688e-01
8.924149870872497559e-01
8.924624323844909668e-01
8.924890756607055664e-01
8.925083279609680176e-01
8.925330638885498047e-01
8.925497531890869141e-01
8.925716876983642578e-01
8.925914168357849121e-01
8.925865888595581055e-01
8.925971984863281250e-01
8.926020860671997070e-01
8.925971388816833496e-01
8.925994634628295898e-01
8.926194906234741211e-01
8.926248550415039062e-01
8.926249146461486816e-01
8.926450610160827637e-01
8.926488757133483887e-01
8.926308751106262207e-01
8.926345109939575195e-01
8.926447629928588867e-01
8.926584124565124512e-01
8.926588892936706543e-01
8.926551342010498047e-01
8.926486968994140625e-01
8.926204442977905273e-01
8.926174044609069824e-01
8.926005959510803223e-01
8.926028013229370117e-01
8.926007151603698730e-01
8.925682306289672852e-01
8.925515413284301758e-01
8.925271630287170410e-01
8.924963474273681641e-01
8.924909830093383789e-01
8.924760222434997559e-01
8.924658298492431641e-01
8.924430608749389648e-01
8.924163579940795898e-01
8.923871517181396484e-01
8.923792243003845215e-01
8.923570513725280762e-01
8.923363685607910156e-01
8.923340439796447754e-01
8.923156857490539551e-01
8.922813534736633301e-01
8.922566771507263184e-01
8.922449350357055664e-01
8.922103643417358398e-01
8.921912312507629395e-01
8.921771049499511719e-01
8.921638727188110352e-01
8.921418786048889160e-01
8.921321034431457520e-01
8.921239972114562988e-01
8.921034336090087891e-01
8.920933008193969727e-01
8.920812606811523438e-01
8.920860290527343750e-01
8.920642137527465820e-01
8.920473456382751465e-01
8.920369148254394531e-01
8.920239210128784180e-01
8.919922113418579102e-01
8.919728994369506836e-01
8.919695019721984863e-01
8.919461369514465332e-01
8.919290900230407715e-01
8.919108510017395020e-01
8.918930888175964355e-01
8.918639421463012695e-01
8.918408751487731934e-01
8.918427228927612305e-01
8.918119072914123535e-01
8.918172121047973633e-01
8.917899727821350098e-01
8.917700052261352539e-01
8.917630910873413086e-01
8.917530179023742676e-01
8.917444348335266113e-01
8.917334079742431641e-01
8.917180299758911133e-01
8.917076587677001953e-01
8.917009234428405762e-01
8.916921615600585938e-01
8.916689753532409668e-01
8.916375041007995605e-01
8.915986418724060059e-01
8.915644884109497070e-01
8.915363550186157227e-01
8.915158510208129883e-01
8.914902210235595703e-01
8.914505243301391602e-01
8.914241790771484375e-01
8.913799524307250977e-01
8.913494944572448730e-01
8.912976980209350586e-01
8.912686705589294434e-01
8.912386298179626465e-01
8.911920785903930664e-01
8.911421298980712891e-01
8.910966515541076660e-01
8.910342454910278320e-01
8.910030722618103027e-01
8.909569978713989258e-01
8.909051418304443359e-01
8.908564448356628418e-01
8.907994031906127930e-01
8.907371163368225098e-01
8.907007575035095215e-01
8.906558156013488770e-01
8.906192779541015625e-01
8.905955553054809570e-01
8.905670642852783203e-01
8.905572295188903809e-01
8.905279040336608887e-01
8.904949426651000977e-01
8.904784917831420898e-01
8.904561400413513184e-01
8.904210329055786133e-01
8.904051780700683594e-01
8.903941512107849121e-01
8.903715610504150391e-01
8.903301358222961426e-01
8.903031945228576660e-01
8.902775049209594727e-01
8.902235031127929688e-01
8.901839256286621094e-01
8.901370167732238770e-01
8.900746107101440430e-01
8.900145292282104492e-01
8.899824619293212891e-01
8.899157047271728516e-01
8.898606300354003906e-01
8.898010253906250000e-01
8.897566795349121094e-01
8.896933794021606445e-01
8.896442651748657227e-01
8.895763158798217773e-01
8.895230889320373535e-01
8.894555568695068359e-01
8.894060850143432617e-01
8.893536329269409180e-01
8.893027305603027344e-01
8.892343640327453613e-01
8.891972303390502930e-01
8.891193270683288574e-01
8.890548944473266602e-01
8.889680504798889160e-01
8.888772726058959961e-01
8.887955546379089355e-01
8.887121081352233887e-01
8.886051774024963379e-01
8.884927630424499512e-01
8.883781433105468750e-01
8.882642388343811035e-01
8.881381154060363770e-01
8.879882097244262695e-01
8.878449201583862305e-01
8.876911997795104980e-01
8.875306248664855957e-01
8.873686790466308594e-01
8.871977329254150391e-01
8.870120644569396973e-01
8.868212699890136719e-01
8.866205215454101562e-01
8.864125609397888184e-01
8.861977458000183105e-01
8.859553933143615723e-01
8.856933712959289551e-01
8.854064941406250000e-01
8.851753473281860352e-01
8.848850131034851074e-01
8.845759034156799316e-01
8.842239975929260254e-01
8.838359713554382324e-01
8.834223747253417969e-01
8.830028772354125977e-01
8.825672268867492676e-01
8.820599317550659180e-01
8.814923167228698730e-01
8.808773756027221680e-01
8.802505135536193848e-01
8.795612454414367676e-01
8.787583708763122559e-01
8.779770731925964355e-01
8.770494461059570312e-01
8.759696483612060547e-01
8.748024106025695801e-01
8.734034895896911621e-01
8.717106580734252930e-01
8.698540925979614258e-01
8.676844835281372070e-01
8.649308085441589355e-01
8.611432313919067383e-01
8.553616404533386230e-01
8.430820703506469727e-01
4.714386165142059326e-01
