1.935954838991165161e-01 1.000000000000000000e+00
8.439586162567138672e-01 9.262958765029907227e-01
8.530628681182861328e-01 9.223102331161499023e-01
8.593602776527404785e-01 9.195004701614379883e-01
8.642160892486572266e-01 9.174009561538696289e-01
8.679628968238830566e-01 9.155822396278381348e-01
8.707646131515502930e-01 9.139166474342346191e-01
8.729970455169677734e-01 9.123817682266235352e-01
8.749088048934936523e-01 9.109866023063659668e-01
8.765033483505249023e-01 9.097383022308349609e-01
8.779040575027465820e-01 9.084508419036865234e-01
8.790656328201293945e-01 9.071208238601684570e-01
8.802134394645690918e-01 9.059296250343322754e-01
8.812611103057861328e-01 9.048676490783691406e-01
8.822007179260253906e-01 9.037737846374511719e-01
8.830516338348388672e-01 9.026474952697753906e-01
8.838842511177062988e-01 9.015850424766540527e-01
8.846685290336608887e-01 9.006018042564392090e-01
8.853802084922790527e-01 8.996482491493225098e-01
8.860763907432556152e-01 8.987460732460021973e-01
8.867530822753906250e-01 8.978222012519836426e-01
8.873901963233947754e-01 8.969809412956237793e-01
8.879927992820739746e-01 8.961499929428100586e-01
8.885760903358459473e-01 8.953343033790588379e-01
8.891296982765197754e-01 8.945724964141845703e-01
8.896728754043579102e-01 8.938458561897277832e-01
8.902007341384887695e-01 8.931266665458679199e-01
8.906785845756530762e-01 8.924089074134826660e-01
8.911573886871337891e-01 8.917299509048461914e-01
8.915962576866149902e-01 8.910366296768188477e-01
8.919925689697265625e-01 8.903800845146179199e-01
8.924283385276794434e-01 8.897597789764404297e-01
8.928390741348266602e-01 8.891882896423339844e-01
8.932472467422485352e-01 8.886066675186157227e-01
8.936412334442138672e-01 8.880655765533447266e-01
8.940352797508239746e-01 8.874684572219848633e-01
8.944026827812194824e-01 8.869324922561645508e-01
8.947455883026123047e-01 8.863649964332580566e-01
8.950614929199218750e-01 8.858370184898376465e-01
8.953748345375061035e-01 8.853369951248168945e-01
8.957015872001647949e-01 8.848652839660644531e-01
8.960188627243041992e-01 8.843806982040405273e-01
8.963397145271301270e-01 8.838829994201660156e-01
8.966168165206909180e-01 8.833857774734497070e-01
8.969070315361022949e-01 8.829107284545898438e-01
8.971620798110961914e-01 8.824280500411987305e-01
8.974437117576599121e-01 8.819612860679626465e-01
8.977015614509582520e-01 8.815223574638366699e-01
8.979411721229553223e-01 8.810764551162719727e-01
8.981869220733642578e-01 8.805837035179138184e-01
8.984169960021972656e-01 8.801418542861938477e-01
8.986437320709228516e-01 8.797094225883483887e-01
8.988418579101562500e-01 8.792614340782165527e-01
8.990730643272399902e-01 8.788276910781860352e-01
8.992806673049926758e-01 8.784095048904418945e-01
8.994833230972290039e-01 8.779840469360351562e-01
8.996970653533935547e-01 8.775602579116821289e-01
8.998901844024658203e-01 8.770968914031982422e-01
9.000892043113708496e-01 8.766579031944274902e-01
9.002547860145568848e-01 8.762263059616088867e-01
9.004089236259460449e-01 8.758019208908081055e-01
9.005778431892395020e-01 8.753560185432434082e-01
9.007385969161987305e-01 8.749011754989624023e-01
9.009020328521728516e-01 8.744612932205200195e-01
9.010597467422485352e-01 8.740277886390686035e-01
9.011903405189514160e-01 8.735850453376770020e-01
9.013416767120361328e-01 8.731329441070556641e-01
9.014872312545776367e-01 8.726794123649597168e-01
9.016159176826477051e-01 8.722434639930725098e-01
9.017598628997802734e-01 8.717877864837646484e-01
9.019269943237304688e-01 8.713422417640686035e-01
9.020731449127197266e-01 8.708976507186889648e-01
9.022059440612792969e-01 8.704690337181091309e-01
9.023627042770385742e-01 8.700549602508544922e-01
9.024958014488220215e-01 8.696451783180236816e-01
9.026052355766296387e-01 8.692221045494079590e-01
9.027484655380249023e-01 8.687894344329833984e-01
9.028838872909545898e-01 8.684057593345642090e-01
9.030258655548095703e-01 8.680234551429748535e-01
9.031548500061035156e-01 8.676334619522094727e-01
9.032827019691467285e-01 8.672320842742919922e-01
9.033976197242736816e-01 8.668609857559204102e-01
9.034969210624694824e-01 8.664530515670776367e-01
9.036179780960083008e-01 8.660840988159179688e-01
9.037232398986816406e-01 8.657084703445434570e-01
9.038568735122680664e-01 8.653284907341003418e-01
9.039843082427978516e-01 8.649483919143676758e-01
9.040775299072265625e-01 8.645538091659545898e-01
9.041829109191894531e-01 8.641769886016845703e-01
9.042779803276062012e-01 8.638026118278503418e-01
9.043749570846557617e-01 8.633934855461120605e-01
9.044930338859558105e-01 8.630237579345703125e-01
9.045996665954589844e-01 8.626545667648315430e-01
9.047090411186218262e-01 8.622949123382568359e-01
9.048072099685668945e-01 8.619156479835510254e-01
9.048954844474792480e-01 8.615583777427673340e-01
9.049885869026184082e-01 8.611832261085510254e-01
9.051024913787841797e-01 8.608216643333435059e-01
9.051931500434875488e-01 8.604777455329895020e-01
9.052818417549133301e-01 8.601416945457458496e-01
9.053968787193298340e-01 8.598007559776306152e-01
9.054915904998779297e-01 8.594653010368347168e-01
9.055668115615844727e-01 8.591220378875732422e-01
9.056503176689147949e-01 8.587961792945861816e-01
9.057522416114807129e-01 8.584662675857543945e-01
9.058304429054260254e-01 8.581188917160034180e-01
9.059374332427978516e-01 8.577469587326049805e-01
9.060298800468444824e-01 8.574389219284057617e-01
9.061297774314880371e-01 8.571067452430725098e-01
9.062182307243347168e-01 8.567763566970825195e-01
9.063149690628051758e-01 8.564691543579101562e-01
9.064188599586486816e-01 8.561525344848632812e-01
9.065102338790893555e-01 8.558216691017150879e-01
9.066052436828613281e-01 8.555166721343994141e-01
9.066990613937377930e-01 8.552104234695434570e-01
9.068139195442199707e-01 8.549051880836486816e-01
9.069002270698547363e-01 8.545874357223510742e-01
9.069893956184387207e-01 8.542744517326354980e-01
9.070813059806823730e-01 8.539800047874450684e-01
9.071663618087768555e-01 8.536921143531799316e-01
9.072360992431640625e-01 8.533828258514404297e-01
9.073097705841064453e-01 8.531018495559692383e-01
9.074081182479858398e-01 8.528215885162353516e-01
9.074822664260864258e-01 8.525297045707702637e-01
9.075669646263122559e-01 8.522315025329589844e-01
9.076420664787292480e-01 8.519650697708129883e-01
9.077181816101074219e-01 8.516916036605834961e-01
9.077939391136169434e-01 8.513763546943664551e-01
9.078651666641235352e-01 8.511013388633728027e-01
9.079678654670715332e-01 8.508337140083312988e-01
9.080355763435363770e-01 8.505398035049438477e-01
9.081497192382812500e-01 8.502514958381652832e-01
9.082236289978027344e-01 8.499590158462524414e-01
9.083014726638793945e-01 8.496792316436767578e-01
9.083989262580871582e-01 8.493918180465698242e-01
9.084895253181457520e-01 8.491114974021911621e-01
9.085896015167236328e-01 8.488122224807739258e-01
9.086862206459045410e-01 8.485205769538879395e-01
9.087656736373901367e-01 8.482520580291748047e-01
9.088554382324218750e-01 8.479752540588378906e-01
9.089623689651489258e-01 8.476702570915222168e-01
9.090567827224731445e-01 8.473936319351196289e-01
9.091356992721557617e-01 8.471069335937500000e-01
9.092139601707458496e-01 8.467969298362731934e-01
9.092743992805480957e-01 8.465039134025573730e-01
9.093504548072814941e-01 8.461887240409851074e-01
9.094296097755432129e-01 8.458850383758544922e-01
9.095169305801391602e-01 8.455882668495178223e-01
9.095966219902038574e-01 8.452874422073364258e-01
9.096627235412597656e-01 8.449782729148864746e-01
9.097454547882080078e-01 8.446668982505798340e-01
9.098137021064758301e-01 8.443379998207092285e-01
9.098954200744628906e-01 8.440253734588623047e-01
9.099565148353576660e-01 8.436898589134216309e-01
9.100416898727416992e-01 8.433679938316345215e-01
9.101311564445495605e-01 8.430308103561401367e-01
9.102013111114501953e-01 8.426899909973144531e-01
9.102690815925598145e-01 8.423414826393127441e-01
9.103342294692993164e-01 8.420118093490600586e-01
9.103929400444030762e-01 8.416352868080139160e-01
9.104818701744079590e-01 8.412935733795166016e-01
9.105553627014160156e-01 8.409385681152343750e-01
9.106175303459167480e-01 8.405981063842773438e-01
9.106885194778442383e-01 8.402422666549682617e-01
9.107477664947509766e-01 8.398914337158203125e-01
9.108120203018188477e-01 8.395064473152160645e-01
9.108982086181640625e-01 8.391641974449157715e-01
9.109726548194885254e-01 8.388196229934692383e-01
9.110507965087890625e-01 8.384899497032165527e-01
9.111464023590087891e-01 8.381690979003906250e-01
9.112342596054077148e-01 8.378495573997497559e-01
9.113450646400451660e-01 8.375377655029296875e-01
9.114335179328918457e-01 8.372173309326171875e-01
9.115166664123535156e-01 8.368960618972778320e-01
9.116201996803283691e-01 8.365806341171264648e-01
9.117229580879211426e-01 8.362473845481872559e-01
9.118071198463439941e-01 8.359161615371704102e-01
9.119171500205993652e-01 8.355838656425476074e-01
9.120312333106994629e-01 8.352577090263366699e-01
9.121368527412414551e-01 8.349184393882751465e-01
9.122270345687866211e-01 8.345517516136169434e-01
9.123210310935974121e-01 8.342188596725463867e-01
9.124293923377990723e-01 8.338689804077148438e-01
9.125072956085205078e-01 8.334845304489135742e-01
9.125965237617492676e-01 8.331233263015747070e-01
9.126806259155273438e-01 8.327564597129821777e-01
9.127513170242309570e-01 8.323678970336914062e-01
9.128335118293762207e-01 8.319658041000366211e-01
9.129307866096496582e-01 8.316188454627990723e-01
9.129979014396667480e-01 8.312369585037231445e-01
9.130721688270568848e-01 8.308641910552978516e-01
9.131464958190917969e-01 8.304805159568786621e-01
9.132317900657653809e-01 8.301205635070800781e-01
9.133065342903137207e-01 8.297259807586669922e-01
9.134013056755065918e-01 8.293308019638061523e-01
9.134697914123535156e-01 8.289355039596557617e-01
9.135479927062988281e-01 8.285651803016662598e-01
9.136241674423217773e-01 8.281500339508056641e-01
9.137143492698669434e-01 8.277648687362670898e-01
9.138022661209106445e-01 8.273763060569763184e-01
9.139054417610168457e-01 8.269515633583068848e-01
9.139754176139831543e-01 8.265520334243774414e-01
9.140857458114624023e-01 8.261594176292419434e-01
9.141594767570495605e-01 8.257204890251159668e-01
9.142406582832336426e-01 8.253099322319030762e-01
9.143178462982177734e-01 8.248385787010192871e-01
9.143933653831481934e-01 8.243528604507446289e-01
9.144865274429321289e-01 8.238451480865478516e-01
9.145818352699279785e-01 8.233296275138854980e-01
9.146491885185241699e-01 8.228129744529724121e-01
9.147136807441711426e-01 8.222740292549133301e-01
9.147816300392150879e-01 8.217254281044006348e-01
9.148696660995483398e-01 8.211291432380676270e-01
9.149441719055175781e-01 8.205298781394958496e-01
9.150124192237854004e-01 8.198657631874084473e-01
9.150834083557128906e-01 8.192250728607177734e-01
9.151440262794494629e-01 8.185676336288452148e-01
9.152089357376098633e-01 8.178839683532714844e-01
9.152710437774658203e-01 8.172085881233215332e-01
9.153290390968322754e-01 8.165159225463867188e-01
9.153856039047241211e-01 8.157768249511718750e-01
9.154621362686157227e-01 8.149718046188354492e-01
9.155291914939880371e-01 8.141709566116333008e-01
9.155955910682678223e-01 8.133490085601806641e-01
9.156661629676818848e-01 8.125078678131103516e-01
9.157280325889587402e-01 8.116039037704467773e-01
9.157750606536865234e-01 8.106725811958312988e-01
9.158295392990112305e-01 8.096476197242736816e-01
9.159480333328247070e-01 8.086546659469604492e-01
9.160206913948059082e-01 8.075804710388183594e-01
9.161103963851928711e-01 8.064484000205993652e-01
9.161841273307800293e-01 8.052180409431457520e-01
9.162588715553283691e-01 8.039036989212036133e-01
9.163436889648437500e-01 8.025119304656982422e-01
9.164487123489379883e-01 8.010661602020263672e-01
9.165852069854736328e-01 7.995116710662841797e-01
9.166972637176513672e-01 7.977931499481201172e-01
9.168119430541992188e-01 7.959001064300537109e-01
9.169082045555114746e-01 7.939019203186035156e-01
9.170172810554504395e-01 7.918407320976257324e-01
9.171524643898010254e-01 7.895292043685913086e-01
9.172694683074951172e-01 7.869637012481689453e-01
9.174300432205200195e-01 7.844088077545166016e-01
9.176001548767089844e-01 7.814317941665649414e-01
9.178219437599182129e-01 7.779568433761596680e-01
9.180811643600463867e-01 7.741868495941162109e-01
9.183232784271240234e-01 7.699052095413208008e-01
9.185851812362670898e-01 7.649400830268859863e-01
9.188627600669860840e-01 7.597048282623291016e-01
9.191433787345886230e-01 7.538146972656250000e-01
9.194610714912414551e-01 7.466237545013427734e-01
9.198641777038574219e-01 7.373824715614318848e-01
9.202921390533447266e-01 7.242240309715270996e-01
9.206914901733398438e-01 6.995937824249267578e-01
4.836711585521697998e-01 4.375607371330261230e-01
