2.360624521970748901e-01
8.104608654975891113e-01
8.181802034378051758e-01
8.233926892280578613e-01
8.271298408508300781e-01
8.303386569023132324e-01
8.327127099037170410e-01
8.348889946937561035e-01
8.369404673576354980e-01
8.386379480361938477e-01
8.400686979293823242e-01
8.414322733879089355e-01
8.426693677902221680e-01
8.437204360961914062e-01
8.447357416152954102e-01
8.456330299377441406e-01
8.465307950973510742e-01
8.473953604698181152e-01
8.481460809707641602e-01
8.488332033157348633e-01
8.495907187461853027e-01
8.502876162528991699e-01
8.508942723274230957e-01
8.514887690544128418e-01
8.521041870117187500e-01
8.527013659477233887e-01
8.532893061637878418e-01
8.538021445274353027e-01
8.542947173118591309e-01
8.547952175140380859e-01
8.553009629249572754e-01
8.558214902877807617e-01
8.562447428703308105e-01
8.566716909408569336e-01
8.570501208305358887e-01
8.574120998382568359e-01
8.577577471733093262e-01
8.580932617187500000e-01
8.584024906158447266e-01
8.586804270744323730e-01
8.589625358581542969e-01
8.592444062232971191e-01
8.594547510147094727e-01
8.597114086151123047e-01
8.599541187286376953e-01
8.601912856101989746e-01
8.604270219802856445e-01
8.606479763984680176e-01
8.608796596527099609e-01
8.611025214195251465e-01
8.613436818122863770e-01
8.615635037422180176e-01
8.617579936981201172e-01
8.619498610496520996e-01
8.621240854263305664e-01
8.622755408287048340e-01
8.624575138092041016e-01
8.626556396484375000e-01
8.628112673759460449e-01
8.629782199859619141e-01
8.631429672241210938e-01
8.632913231849670410e-01
8.634455204010009766e-01
8.635991811752319336e-01
8.637493252754211426e-01
8.638990521430969238e-01
8.640108704566955566e-01
8.641488552093505859e-01
8.642833828926086426e-01
8.644088506698608398e-01
8.645247817039489746e-01
8.646380901336669922e-01
8.647509813308715820e-01
8.648716807365417480e-01
8.649761676788330078e-01
8.650835752487182617e-01
8.651784062385559082e-01
8.652657270431518555e-01
8.653606772422790527e-01
8.654565811157226562e-01
8.655646443367004395e-01
8.656691312789916992e-01
8.657789826393127441e-01
8.658703565597534180e-01
8.659403920173645020e-01
8.660362362861633301e-01
8.661253452301025391e-01
8.662145137786865234e-01
8.662908673286437988e-01
8.663486838340759277e-01
8.664276003837585449e-01
8.664950728416442871e-01
8.665571212768554688e-01
8.666351437568664551e-01
8.667086958885192871e-01
8.667706847190856934e-01
8.668339848518371582e-01
8.668948411941528320e-01
8.669645786285400391e-01
8.670259714126586914e-01
8.670916557312011719e-01
8.671514391899108887e-01
8.672048449516296387e-01
8.672603368759155273e-01
8.673087954521179199e-01
8.673961162567138672e-01
8.674522042274475098e-01
8.674901723861694336e-01
8.675457835197448730e-01
8.676077127456665039e-01
8.676519393920898438e-01
8.676944971084594727e-01
8.677534461021423340e-01
8.678008913993835449e-01
8.678352832794189453e-01
8.678888678550720215e-01
8.679246902465820312e-01
8.679785132408142090e-01
8.680063486099243164e-01
8.680497407913208008e-01
8.681051135063171387e-01
8.681669235229492188e-01
8.682168126106262207e-01
8.682600855827331543e-01
8.683071136474609375e-01
8.683547377586364746e-01
8.683887124061584473e-01
8.684208393096923828e-01
8.684509396553039551e-01
8.684859275817871094e-01
8.685369491577148438e-01
8.685882091522216797e-01
8.686157464981079102e-01
8.686630725860595703e-01
8.686878085136413574e-01
8.687106966972351074e-01
8.687261343002319336e-01
8.687658309936523438e-01
8.687731623649597168e-01
8.687876462936401367e-01
8.687961697578430176e-01
8.688148856163024902e-01
8.688481450080871582e-01
8.688660264015197754e-01
8.688982129096984863e-01
8.689243793487548828e-01
8.689217567443847656e-01
8.689310550689697266e-01
8.689305782318115234e-01
8.689376115798950195e-01
8.689236044883728027e-01
8.689061999320983887e-01
8.689079284667968750e-01
8.688964247703552246e-01
8.689053058624267578e-01
8.688943386077880859e-01
8.688856959342956543e-01
8.688438534736633301e-01
8.688346147537231445e-01
8.688174486160278320e-01
8.687886595726013184e-01
8.687610030174255371e-01
8.687243461608886719e-01
8.686887621879577637e-01
8.686752915382385254e-01
8.686552047729492188e-01
8.686121702194213867e-01
8.685638904571533203e-01
8.685396313667297363e-01
8.684900999069213867e-01
8.684348464012145996e-01
8.683729767799377441e-01
8.683241605758666992e-01
8.682742118835449219e-01
8.682181239128112793e-01
8.681529164314270020e-01
8.680967092514038086e-01
8.680169582366943359e-01
8.679256439208984375e-01
8.678444027900695801e-01
8.677714467048645020e-01
8.676897883415222168e-01
8.676033020019531250e-01
8.675196170806884766e-01
8.674240708351135254e-01
8.673329949378967285e-01
8.672429919242858887e-01
8.671583533287048340e-01
8.670393824577331543e-01
8.669361472129821777e-01
8.668321967124938965e-01
8.667286038398742676e-01
8.665957450866699219e-01
8.664638400077819824e-01
8.663204908370971680e-01
8.661769032478332520e-01
8.660466670989990234e-01
8.658953309059143066e-01
8.657527565956115723e-01
8.656061887741088867e-01
8.654540181159973145e-01
8.653088808059692383e-01
8.651474714279174805e-01
8.649477362632751465e-01
8.647633790969848633e-01
8.645728826522827148e-01
8.643860816955566406e-01
8.641836643218994141e-01
8.639588356018066406e-01
8.637484312057495117e-01
8.635454773902893066e-01
8.633378148078918457e-01
8.630859851837158203e-01
8.628429770469665527e-01
8.626264929771423340e-01
8.623913526535034180e-01
8.621420264244079590e-01
8.618806600570678711e-01
8.615857362747192383e-01
8.613069057464599609e-01
8.610346317291259766e-01
8.607492446899414062e-01
8.604283928871154785e-01
8.600828051567077637e-01
8.597278594970703125e-01
8.593586087226867676e-01
8.589553236961364746e-01
8.585751652717590332e-01
8.581573963165283203e-01
8.577559590339660645e-01
8.573161363601684570e-01
8.568453192710876465e-01
8.563786745071411133e-01
8.558875918388366699e-01
8.553102612495422363e-01
8.546716570854187012e-01
8.540361523628234863e-01
8.533273935317993164e-01
8.526213169097900391e-01
8.518517017364501953e-01
8.510215282440185547e-01
8.502234816551208496e-01
8.493815064430236816e-01
8.484950065612792969e-01
8.474681973457336426e-01
8.462905883789062500e-01
8.449850082397460938e-01
8.434064984321594238e-01
8.414997458457946777e-01
8.390875458717346191e-01
8.358903527259826660e-01
8.315443396568298340e-01
8.240284919738769531e-01
8.075890541076660156e-01
5.055916905403137207e-01
