1.935954838991165161e-01 1.000000000000000000e+00
8.055770397186279297e-01 8.561658859252929688e-01
8.157207369804382324e-01 8.538439273834228516e-01
8.227109313011169434e-01 8.518127799034118652e-01
8.278086185455322266e-01 8.502881526947021484e-01
8.322151899337768555e-01 8.489940166473388672e-01
8.355486989021301270e-01 8.477973937988281250e-01
8.386417627334594727e-01 8.467016816139221191e-01
8.415141105651855469e-01 8.458215594291687012e-01
8.439133763313293457e-01 8.450017571449279785e-01
8.459651470184326172e-01 8.442500829696655273e-01
8.479503989219665527e-01 8.435621261596679688e-01
8.497738242149353027e-01 8.429233431816101074e-01
8.513644933700561523e-01 8.422896862030029297e-01
8.528761863708496094e-01 8.417052030563354492e-01
8.542423844337463379e-01 8.411088585853576660e-01
8.556180000305175781e-01 8.405342698097229004e-01
8.569184541702270508e-01 8.400163650512695312e-01
8.580733537673950195e-01 8.394893407821655273e-01
8.591296672821044922e-01 8.390040993690490723e-01
8.602761030197143555e-01 8.385522365570068359e-01
8.613408207893371582e-01 8.381049633026123047e-01
8.622925281524658203e-01 8.376570940017700195e-01
8.632372021675109863e-01 8.372130393981933594e-01
8.641873002052307129e-01 8.368257880210876465e-01
8.651300072669982910e-01 8.363723754882812500e-01
8.660463094711303711e-01 8.359457850456237793e-01
8.668469786643981934e-01 8.355577588081359863e-01
8.676259517669677734e-01 8.351739048957824707e-01
8.684250116348266602e-01 8.347807526588439941e-01
8.692369461059570312e-01 8.343999981880187988e-01
8.700796365737915039e-01 8.340366482734680176e-01
8.707873821258544922e-01 8.336841464042663574e-01
8.714977502822875977e-01 8.333327770233154297e-01
8.721434473991394043e-01 8.329775333404541016e-01
8.727675080299377441e-01 8.325921893119812012e-01
8.733599781990051270e-01 8.322367668151855469e-01
8.739275336265563965e-01 8.318909406661987305e-01
8.744482398033142090e-01 8.315917849540710449e-01
8.749368190765380859e-01 8.312451839447021484e-01
8.754309415817260742e-01 8.308897018432617188e-01
8.759226799011230469e-01 8.305659294128417969e-01
8.763189315795898438e-01 8.302357792854309082e-01
8.767749071121215820e-01 8.299019932746887207e-01
8.772138357162475586e-01 8.295598030090332031e-01
8.776386976242065430e-01 8.292366266250610352e-01
8.780547380447387695e-01 8.289348483085632324e-01
8.784543275833129883e-01 8.286300301551818848e-01
8.788718581199645996e-01 8.283174037933349609e-01
8.792743086814880371e-01 8.280032277107238770e-01
8.797004222869873047e-01 8.277183771133422852e-01
8.800927400588989258e-01 8.274392485618591309e-01
8.804430365562438965e-01 8.271879553794860840e-01
8.807927966117858887e-01 8.269239068031311035e-01
8.811330795288085938e-01 8.266369104385375977e-01
8.814491033554077148e-01 8.263289928436279297e-01
8.817912340164184570e-01 8.260505795478820801e-01
8.821641802787780762e-01 8.257731199264526367e-01
8.824797272682189941e-01 8.254880905151367188e-01
8.827970027923583984e-01 8.252407908439636230e-01
8.831208944320678711e-01 8.249657154083251953e-01
8.834182620048522949e-01 8.247013092041015625e-01
8.837276101112365723e-01 8.244304656982421875e-01
8.840348720550537109e-01 8.241595625877380371e-01
8.843479156494140625e-01 8.238639831542968750e-01
8.846502900123596191e-01 8.236051797866821289e-01
8.849108815193176270e-01 8.233197927474975586e-01
8.852017521858215332e-01 8.230389952659606934e-01
8.854876756668090820e-01 8.227692246437072754e-01
8.857557773590087891e-01 8.225069642066955566e-01
8.860220909118652344e-01 8.222236037254333496e-01
8.862857818603515625e-01 8.219461441040039062e-01
8.865504264831542969e-01 8.216563463211059570e-01
8.868246078491210938e-01 8.213607668876647949e-01
8.870792388916015625e-01 8.210732936859130859e-01
8.873395323753356934e-01 8.207759261131286621e-01
8.875976204872131348e-01 8.204503059387207031e-01
8.878324031829833984e-01 8.201540112495422363e-01
8.880782723426818848e-01 8.198562860488891602e-01
8.883230686187744141e-01 8.195783495903015137e-01
8.885898590087890625e-01 8.192762136459350586e-01
8.888444900512695312e-01 8.189965486526489258e-01
8.891137242317199707e-01 8.186972737312316895e-01
8.893471956253051758e-01 8.184187412261962891e-01
8.895655274391174316e-01 8.181082606315612793e-01
8.898038864135742188e-01 8.178358674049377441e-01
8.900399208068847656e-01 8.175488114356994629e-01
8.902737498283386230e-01 8.172655105590820312e-01
8.904954791069030762e-01 8.169646859169006348e-01
8.907096982002258301e-01 8.166342973709106445e-01
8.909268379211425781e-01 8.163660764694213867e-01
8.911383748054504395e-01 8.160803914070129395e-01
8.913370966911315918e-01 8.158010840415954590e-01
8.915565609931945801e-01 8.155200481414794922e-01
8.917759656906127930e-01 8.152413964271545410e-01
8.919775485992431641e-01 8.149583339691162109e-01
8.921900391578674316e-01 8.146657347679138184e-01
8.923949599266052246e-01 8.143823742866516113e-01
8.926112651824951172e-01 8.141002655029296875e-01
8.928263783454895020e-01 8.138054609298706055e-01
8.930293321609497070e-01 8.135441541671752930e-01
8.932291269302368164e-01 8.132646679878234863e-01
8.934187889099121094e-01 8.129841089248657227e-01
8.936101794242858887e-01 8.127106428146362305e-01
8.937909007072448730e-01 8.124359250068664551e-01
8.940175771713256836e-01 8.121933341026306152e-01
8.942120075225830078e-01 8.119175434112548828e-01
8.943899273872375488e-01 8.116212487220764160e-01
8.945939540863037109e-01 8.113184571266174316e-01
8.947924971580505371e-01 8.110612034797668457e-01
8.949804902076721191e-01 8.107647299766540527e-01
8.951602578163146973e-01 8.104815483093261719e-01
8.953652381896972656e-01 8.101991415023803711e-01
8.955569863319396973e-01 8.099078536033630371e-01
8.957307338714599609e-01 8.096157908439636230e-01
8.959192037582397461e-01 8.093491792678833008e-01
8.960885405540466309e-01 8.090728521347045898e-01
8.962773680686950684e-01 8.088077306747436523e-01
8.964356780052185059e-01 8.085312843322753906e-01
8.966053724288940430e-01 8.082742094993591309e-01
8.967958688735961914e-01 8.080227971076965332e-01
8.970008492469787598e-01 8.077484965324401855e-01
8.971962928771972656e-01 8.074648976325988770e-01
8.973863124847412109e-01 8.071640133857727051e-01
8.975750207901000977e-01 8.068865537643432617e-01
8.977663516998291016e-01 8.065993785858154297e-01
8.979424238204956055e-01 8.063094615936279297e-01
8.981119990348815918e-01 8.060247302055358887e-01
8.982861042022705078e-01 8.057267069816589355e-01
8.984648585319519043e-01 8.054382205009460449e-01
8.986587524414062500e-01 8.051657676696777344e-01
8.988566994667053223e-01 8.048890233039855957e-01
8.990303874015808105e-01 8.045850396156311035e-01
8.992195725440979004e-01 8.043114542961120605e-01
8.993867635726928711e-01 8.040202260017395020e-01
8.995555639266967773e-01 8.037251830101013184e-01
8.997002840042114258e-01 8.034520149230957031e-01
8.998845219612121582e-01 8.031647205352783203e-01
9.000350236892700195e-01 8.028560876846313477e-01
9.001974463462829590e-01 8.025425672531127930e-01
9.003589153289794922e-01 8.022100925445556641e-01
9.005267620086669922e-01 8.019015192985534668e-01
9.007037878036499023e-01 8.016176819801330566e-01
9.008725881576538086e-01 8.013036847114562988e-01
9.010451436042785645e-01 8.010279536247253418e-01
9.012209177017211914e-01 8.007308840751647949e-01
9.013676643371582031e-01 8.004093766212463379e-01
9.015277028083801270e-01 8.000986576080322266e-01
9.016700983047485352e-01 7.997862100601196289e-01
9.018285274505615234e-01 7.994694113731384277e-01
9.019629359245300293e-01 7.991356849670410156e-01
9.020925164222717285e-01 7.988086938858032227e-01
9.022434949874877930e-01 7.984909415245056152e-01
9.023787975311279297e-01 7.981643676757812500e-01
9.025297760963439941e-01 7.978625297546386719e-01
9.026738405227661133e-01 7.975222468376159668e-01
9.028035998344421387e-01 7.972199916839599609e-01
9.029223918914794922e-01 7.968407869338989258e-01
9.030573368072509766e-01 7.965146303176879883e-01
9.032012820243835449e-01 7.961667180061340332e-01
9.033262729644775391e-01 7.958239912986755371e-01
9.034530520439147949e-01 7.954787611961364746e-01
9.035761356353759766e-01 7.951171994209289551e-01
9.037054181098937988e-01 7.947481870651245117e-01
9.038547277450561523e-01 7.943918108940124512e-01
9.039910435676574707e-01 7.940452098846435547e-01
9.041213989257812500e-01 7.936478257179260254e-01
9.042336940765380859e-01 7.932735085487365723e-01
9.043685197830200195e-01 7.929162979125976562e-01
9.044882059097290039e-01 7.925220727920532227e-01
9.045943617820739746e-01 7.921477556228637695e-01
9.047026038169860840e-01 7.917418479919433594e-01
9.048163294792175293e-01 7.913640737533569336e-01
9.049425721168518066e-01 7.909691333770751953e-01
9.050572514533996582e-01 7.905783653259277344e-01
9.051656126976013184e-01 7.901600003242492676e-01
9.052797555923461914e-01 7.897633910179138184e-01
9.053894877433776855e-01 7.893213033676147461e-01
9.054782390594482422e-01 7.888820767402648926e-01
9.055883288383483887e-01 7.884368300437927246e-01
9.057034254074096680e-01 7.880069017410278320e-01
9.058156013488769531e-01 7.875649929046630859e-01
9.059305191040039062e-01 7.870828509330749512e-01
9.060454964637756348e-01 7.866212725639343262e-01
9.061551094055175781e-01 7.861344218254089355e-01
9.062625169754028320e-01 7.856695055961608887e-01
9.063726663589477539e-01 7.851998209953308105e-01
9.064766764640808105e-01 7.847622632980346680e-01
9.065557122230529785e-01 7.842724919319152832e-01
9.066495299339294434e-01 7.838021516799926758e-01
9.067652225494384766e-01 7.832862138748168945e-01
9.068656563758850098e-01 7.828017473220825195e-01
9.069672226905822754e-01 7.822375297546386719e-01
9.070555567741394043e-01 7.817044258117675781e-01
9.071450829505920410e-01 7.811365723609924316e-01
9.072464108467102051e-01 7.805585861206054688e-01
9.073438048362731934e-01 7.800136804580688477e-01
9.074246287345886230e-01 7.794619202613830566e-01
9.075138568878173828e-01 7.789111137390136719e-01
9.076191782951354980e-01 7.783128619194030762e-01
9.077020287513732910e-01 7.777481675148010254e-01
9.078115224838256836e-01 7.771546244621276855e-01
9.079195261001586914e-01 7.765321731567382812e-01
9.080038666725158691e-01 7.758535146713256836e-01
9.081010222434997559e-01 7.751966714859008789e-01
9.082024693489074707e-01 7.745115756988525391e-01
9.083160758018493652e-01 7.738253474235534668e-01
9.084332585334777832e-01 7.730914354324340820e-01
9.085346460342407227e-01 7.723378539085388184e-01
9.086312651634216309e-01 7.716209292411804199e-01
9.087482690811157227e-01 7.708906531333923340e-01
9.088551998138427734e-01 7.701584100723266602e-01
9.089498519897460938e-01 7.693532705307006836e-01
9.090560078620910645e-01 7.685699462890625000e-01
9.091877341270446777e-01 7.678077220916748047e-01
9.092937111854553223e-01 7.670560479164123535e-01
9.094043374061584473e-01 7.662302851676940918e-01
9.095066189765930176e-01 7.653844356536865234e-01
9.096033573150634766e-01 7.644863128662109375e-01
9.097191095352172852e-01 7.636058330535888672e-01
9.098483920097351074e-01 7.627124190330505371e-01
9.099718928337097168e-01 7.618029117584228516e-01
9.101143479347229004e-01 7.607775926589965820e-01
9.102334380149841309e-01 7.597353458404541016e-01
9.103612899780273438e-01 7.586779594421386719e-01
9.104831218719482422e-01 7.575767636299133301e-01
9.106013774871826172e-01 7.564097642898559570e-01
9.107248783111572266e-01 7.552800178527832031e-01
9.108512401580810547e-01 7.540655136108398438e-01
9.109845161437988281e-01 7.528882026672363281e-01
9.111281633377075195e-01 7.516026496887207031e-01
9.112551212310791016e-01 7.502498030662536621e-01
9.113999605178833008e-01 7.489057183265686035e-01
9.115523099899291992e-01 7.474978566169738770e-01
9.117187261581420898e-01 7.459258437156677246e-01
9.118539690971374512e-01 7.442744970321655273e-01
9.120338559150695801e-01 7.425684928894042969e-01
9.122143983840942383e-01 7.407550215721130371e-01
9.124114513397216797e-01 7.389054894447326660e-01
9.125986099243164062e-01 7.369396686553955078e-01
9.128059148788452148e-01 7.347780466079711914e-01
9.130501747131347656e-01 7.326231002807617188e-01
9.132969379425048828e-01 7.303566336631774902e-01
9.135920405387878418e-01 7.279318571090698242e-01
9.138946533203125000e-01 7.251953482627868652e-01
9.142517447471618652e-01 7.221317887306213379e-01
9.146079421043395996e-01 7.188313603401184082e-01
9.149935841560363770e-01 7.150489091873168945e-01
9.153962731361389160e-01 7.106565237045288086e-01
9.158900976181030273e-01 7.052905559539794922e-01
9.165689349174499512e-01 6.986414194107055664e-01
9.173453450202941895e-01 6.903723478317260742e-01
9.182517528533935547e-01 6.777881383895874023e-01
9.195747375488281250e-01 6.552579998970031738e-01
6.714137792587280273e-01 4.460343718528747559e-01
